-81.81994468 26.08955116
-81.94347014 25.94421257
-82.02684347 25.80580068
-82.06172108 25.64802706
-82.04446049 25.48736893
-81.97686433 25.34060476
-81.86599206 25.22306199
-81.72342273 25.14701629
-81.56404567 25.12040958
-81.40450558 25.14602053
-79.63090143 25.73666137
-79.49581105 25.8059426
-79.38774083 25.91257341
-79.31665456 26.04672273
-79.28910619 26.19602239
-79.3076356 26.34670736
-79.37053442 26.48488492
-79.47200358 26.59781548
-80.73971333 27.63644411
-80.36143497 29.8934129133333
-79.98315661 32.1503817166667
-79.60487825 34.40735052
-79.59803257 34.4842935
-79.57603257 36.4117935
-79.55403257 38.3392935
-79.55448428 38.367001
-79.62548428 39.979001
-79.6557914 40.12975212
-79.73047519 40.26416473
-79.84247222 40.36952643
-79.98119007 40.43587232
-80.13350913 40.45692759
-82.02825913 40.42467759
-83.92300913 40.39242759
-85.81775913 40.36017759
-87.71250913 40.32792759
-87.8620114 40.3023758
-87.99697421 40.23317418
-88.10497891 40.12669033
-88.17608742 39.99272241
-88.20375666 39.8435975
-88.2690899933333 37.7502641666667
-88.3344233266667 35.6569308333333
-88.39975666 33.5635975
-88.39138255 33.45557061
-87.98038255 31.27057061
-87.93355969 31.13416231
-87.84975017 31.01679295
-86.99275017 30.12379295
-86.94574509 30.08068776
-85.3400784233333 28.78668776
-83.7344117566667 27.49268776
-82.12874509 26.19868776
-81.98837043 26.11901952
-81.82992914 26.08822293
-81.81994468 26.08955116
