-55.79190471 -37.97262055
-55.951429396 -36.723626686
-56.110954082 -35.474632822
-56.270478768 -34.225638958
-56.430003454 -32.976645094
-56.58952814 -31.72765123
-56.88086502 -30.61222597
-57.44604553 -29.60742665
-58.13840026 -28.6791155875
-58.83075499 -27.750804525
-59.52310972 -26.8224934625
-60.21546445 -25.8941824
-60.757966745 -25.37599602
-61.30046904 -24.85780964
-62.3097257166667 -24.1747516666667
-63.3189823933333 -23.4916936933333
-64.32823907 -22.80863572
-65.56588477 -22.22259565
-66.92248554 -22.03592967
-68.27241614 -22.2659236
-69.49066901 -22.89127933
-70.22938366 -23.426494665
-70.96809831 -23.96171
-71.639082265 -24.73586413
-72.31006622 -25.51001826
-72.94822218 -26.72258357
-73.58637814 -27.93514888
-74.2245341 -29.14771419
-74.41579226 -29.56050489
-74.781157115 -30.46653627
-75.14652197 -31.37256765
-75.26320191 -31.69728008
-75.6193311233333 -32.8221266066667
-75.9754603366667 -33.9469731333333
-76.33158955 -35.07181966
-76.36758239 -35.19123009
-76.750349595 -36.527865795
-77.1331168 -37.8645015
-77.3059925 -39.19879456
-77.07668668 -40.52455579
-76.616207404 -41.907962
-76.155728128 -43.29136821
-75.695248852 -44.67477442
-75.234769576 -46.05818063
-74.7742903 -47.44158684
-74.18516346 -48.60949909
-73.28503616 -49.5586357
-72.1499676 -50.2087963
-70.87586906 -50.50504346
-69.57039965 -50.42234482
-68.52303309 -50.200066815
-67.47566653 -49.97778881
-66.52766678 -49.526088645
-65.57966703 -49.07438848
-64.5256086666667 -48.2216934633333
-63.4715503033333 -47.3689984466667
-62.41749194 -46.51630343
-62.24398357 -46.36851756
-61.245572224 -45.47351699
-60.247160878 -44.57851642
-59.248749532 -43.68351585
-58.250338186 -42.78851528
-57.25192684 -41.89351471
-56.34516539 -40.76943365
-55.84118792 -39.41600051
-55.79190471 -37.97262055
