-90.1439516 33.98637778
-90.05945572 33.44161563
-89.97495984 32.89685348
-89.89046396 32.35209133
-89.79848621 32.03480622
-89.5138126575 31.3912591525
-89.229139105 30.747712085
-88.9444655525 30.1041650175
-88.659792 29.46061795
-87.985198542 29.238045046
-87.310605084 29.015472142
-86.636011626 28.792899238
-85.961418168 28.570326334
-85.28682471 28.34775343
-85.06995059 28.23411416
-84.90123399 28.05667974
-84.79865583 27.83436018
-84.71485474 27.52958672
-84.4523898225 26.968228275
-84.189924905 26.40686983
-83.9274599875 25.845511385
-83.66499507 25.28415294
-83.16348428 24.98973603
-82.66197349 24.69531912
-82.1604627 24.40090221
-81.455102392 24.668081798
-80.749742084 24.935261386
-80.044381776 25.202440974
-79.339021468 25.469620562
-78.63366116 25.73680015
-78.5728641775 26.37257177
-78.512067195 27.00834339
-78.4512702125 27.64411501
-78.39047323 28.27988663
-78.60605499 28.9734241133333
-78.82163675 29.6669615966667
-79.03721851 30.36049908
-79.07001892 30.62189342
-79.0104059 30.87850433
-78.9901432 30.90934085
-78.7471444625 31.55778255
-78.504145725 32.20622425
-78.2611469875 32.85466595
-78.01814825 33.50310765
-78.0569717 34.24499814
-78.09579515 34.98688863
-78.1346186 35.72877912
-78.16966905 35.8538988
-78.21765335 36.11435963
-78.22065882 36.36865883
-78.12134471 36.98979295
-78.06112986 37.64308189
-78.00091501 38.29637083
-77.94070016 38.94965977
-78.4734175385714 39.3810294071429
-79.0061349171429 39.8123990442857
-79.5388522957143 40.2437686814286
-80.0715696742857 40.6751383185714
-80.6042870528571 41.1065079557143
-81.1370044314286 41.5378775928571
-81.66972181 41.96924723
-82.40744658 41.969061265
-83.14517135 41.9688753
-83.658351985 41.806278345
-84.17153262 41.64368139
-84.37708333 41.60894561
-84.58425504 41.6321307
-85.15675544 41.77884882
-85.890230985 41.874216735
-86.62370653 41.96958465
-87.1559871666667 41.4559930016667
-87.6882678033333 40.9424013533333
-88.22054844 40.428809705
-88.7528290766667 39.9152180566667
-89.2851097133333 39.4016264083333
-89.81739035 38.88803476
-89.665713615 38.362495625
-89.51403688 37.83695649
-89.48536373 37.66224879
-89.456996875 37.02326807
-89.42863002 36.38428735
-89.4796588 36.07721757
-89.51716579 35.98157131
-89.7260943933333 35.3165068
-89.9350229966667 34.65144229
-90.1439516 33.98637778
