-75.54446283 -33.91704719
-75.697104718 -34.35359311
-75.849746606 -34.79013903
-76.002388494 -35.22668495
-76.155030382 -35.66323087
-76.30767227 -36.09977679
-76.47274678 -36.44802302
-76.63782129 -36.79626925
-76.740161015 -37.161281615
-76.84250074 -37.52629398
-76.817791555 -37.90457549
-76.79308237 -38.282857
-76.644129925 -38.631455065
-76.49517748 -38.98005313
-76.21714611875 -39.41087560125
-75.9391147575 -39.8416980725
-75.66108339625 -40.27252054375
-75.383052035 -40.703343015
-75.10502067375 -41.13416548625
-74.8269893125 -41.5649879575
-74.54895795125 -41.99581042875
-74.27092659 -42.4266329
-74.2624986 -42.44282693
-74.377411336 -42.92109428
-74.492324072 -43.39936163
-74.607236808 -43.87762898
-74.722149544 -44.35589633
-74.83706228 -44.83416368
-74.866139915 -45.164927315
-74.89521755 -45.49569095
-74.826473975 -45.82053616
-74.7577304 -46.14538137
-74.597153955 -46.43601051
-74.43657751 -46.72663965
-74.1981562 -46.95773567
-73.95973489 -47.18883169
-73.52724012 -47.498694255
-73.09474535 -47.80855682
-72.66225058 -48.118419385
-72.22975581 -48.42828195
-71.79726104 -48.738144515
-71.36476627 -49.04800708
-70.9322715 -49.357869645
-70.49977673 -49.66773221
-70.191486315 -49.823396085
-69.8831959 -49.97905996
-69.54221176 -50.03386906
-69.20122762 -50.08867816
-68.85968456 -50.03746721
-68.5181415 -49.98625626
-68.2609864 -49.90588136
-67.76318609 -49.68080181
-67.3343071 -49.34238084
-66.9556462228571 -48.96040732
-66.5769853457143 -48.5784338
-66.1983244685714 -48.19646028
-65.8196635914286 -47.81448676
-65.4410027142857 -47.43251324
-65.0623418371429 -47.05053972
-64.68368096 -46.6685662
-64.30253660875 -46.32941088625
-63.9213922575 -45.9902555725
-63.54024790625 -45.65110025875
-63.159103555 -45.311944945
-62.77795920375 -44.97278963125
-62.3968148525 -44.6336343175
-62.01567050125 -44.29447900375
-61.63452615 -43.95532369
-61.51673491 -43.83959614
-61.083778264 -43.636236208
-60.650821618 -43.432876276
-60.217864972 -43.229516344
-59.784908326 -43.026156412
-59.35195168 -42.82279648
-59.042869645 -42.608071925
-58.73378761 -42.39334737
-58.512820815 -42.088696725
-58.29185402 -41.78404608
-58.0663210925 -41.3282142925
-57.840788165 -40.872382505
-57.6152552375 -40.4165507175
-57.38972231 -39.96071893
-57.1641893825 -39.5048871425
-56.938656455 -39.049055355
-56.7131235275 -38.5932235675
-56.4875906 -38.13739178
-56.386935175 -37.82764267
-56.28627975 -37.51789356
-56.27857191 -37.19229163
-56.27086407 -36.8666897
-56.356749845 -36.55252468
-56.44263562 -36.23835966
-56.6595062116667 -35.742263625
-56.8763768033333 -35.24616759
-57.093247395 -34.750071555
-57.3101179866667 -34.25397552
-57.5269885783333 -33.757879485
-57.74385917 -33.26178345
-57.84221507 -33.06388652
-58.1000634714286 -32.6033239557143
-58.3579118728571 -32.1427613914286
-58.6157602742857 -31.6821988271429
-58.8736086757143 -31.2216362628571
-59.1314570771429 -30.7610736985714
-59.3893054785714 -30.3005111342857
-59.64715388 -29.83994857
-59.62558268 -29.52872654
-59.69235852 -29.21966771
-59.75913436 -28.91060888
-59.909274275 -28.63233855
-60.05941419 -28.35406822
-60.359638765 -27.94726108375
-60.65986334 -27.5404539475
-60.960087915 -27.13364681125
-61.26031249 -26.726839675
-61.560537065 -26.32003253875
-61.86076164 -25.9132254025
-62.160986215 -25.50641826625
-62.46121079 -25.09961113
-62.68022722 -24.77114381
-62.89924365 -24.44267649
-63.129279855 -24.19087225
-63.35931606 -23.93906801
-63.65423711 -23.767768255
-63.94915816 -23.5964685
-64.28185822 -23.521417175
-64.61455828 -23.44636585
-65.117170075 -23.41127697875
-65.61978187 -23.3761881075
-66.122393665 -23.34109923625
-66.62500546 -23.306010365
-67.127617255 -23.27092149375
-67.63022905 -23.2358326225
-68.132840845 -23.20074375125
-68.63545264 -23.16565488
-68.954235275 -23.18891618
-69.27301791 -23.21217748
-69.572392325 -23.32415256
-69.87176674 -23.43612764
-70.127566905 -23.627777665
-70.38336707 -23.81942769
-70.574944355 -24.07528234
-70.76652164 -24.33113699
-71.00953914 -24.775791635
-71.25255664 -25.22044628
-71.49557414 -25.665100925
-71.73859164 -26.10975557
-71.98160914 -26.554410215
-72.22462664 -26.99906486
-72.60868052 -27.354524405
-72.9927344 -27.70998395
-73.234658525 -28.032223235
-73.47658265 -28.35446252
-73.679990984 -28.760993774
-73.883399318 -29.167525028
-74.086807652 -29.574056282
-74.290215986 -29.980587536
-74.49362432 -30.38711879
-74.65969617 -30.83024327
-74.777556868 -31.285704072
-74.895417566 -31.741164874
-75.013278264 -32.196625676
-75.131138962 -32.652086478
-75.24899966 -33.10754728
-75.391486665 -33.49762499
-75.53397367 -33.8877027
-75.54446283 -33.91704719
