-122.62949704 58.14303819
-124.4349776 57.78013884
-126.24045816 57.41723949
-127.757028552 55.791909822
-129.273598944 54.166580154
-130.790169336 52.541250486
-132.306739728 50.915920818
-133.82331012 49.29059115
-133.87579846 48.54043361
-133.65631494 46.92159131
-133.43683142 45.30274901
-133.4303076 45.18164545
-133.486798055 43.099436745
-133.54328851 41.01722804
-133.403552205 39.591413905
-133.2638159 38.16559977
-132.769506345 36.907611355
-132.27519679 35.64962294
-132.06480086 35.15464656
-131.354273 34.039197095
-130.64374514 32.92374763
-130.05521885 32.13283646
-130.0425061 32.11522514
-129.332435225 31.100912765
-128.62236435 30.08660039
-128.59488025 30.04439109
-128.39563914 29.71469621
-127.05679099 28.33893716
-125.71794284 26.96317811
-123.58546886 25.84573129
-123.37980033 25.77297429
-121.599442235 25.1715045125
-119.81908414 24.570034735
-118.038726045 23.9685649575
-116.25836795 23.36709518
-116.06816783 23.31030722
-116.06111983 23.30816515
-115.63102463 23.17513726
-115.24259058 23.05500124
-114.82693556 22.92610317
-114.40324953 22.79520679
-114.38889043 22.79061199
-114.37737974 22.78680071
-114.19374371 22.72705862
-114.09234148 22.69457053
-113.98975093 22.66170172
-113.90053294 22.63323006
-112.06464581 22.24017506
-110.95589729 22.17664281
-110.9273674 22.17663272
-110.88448112 22.17663272
-110.842 22.17663165
-110.7995 22.17663272
-110.71348112 22.17663272
-110.671 22.17663165
-110.6285 22.17663272
-110.58548112 22.17663272
-110.543 22.17663165
-110.5005 22.17663272
-110.41448112 22.17663272
-110.372 22.17663165
-110.3295 22.17663272
-110.28648112 22.17663272
-110.244 22.17663165
-110.2015 22.17663272
-110.11548112 22.17663272
-110.0723955 22.17663141
-110.04635318 22.17661042
-109.82696339 22.14362008
-109.62682368 22.04788952
-109.52044548 21.97595226
-109.22480298 21.78670788
-108.11884959 21.14039405
-107.5404741 20.87438546
-106.25095661 20.33858398
-106.07813784 20.28290563
-106.00074974 20.25862926
-105.7359532 20.11143448
-104.42629502 18.98411326
-103.253098055 18.371950975
-102.07990109 17.75978869
-101.79625996 17.65023307
-100.51226843 17.21587205
-100.25815542 17.1524641
-100.25542931 17.15177844
-99.13839982 16.86859838
-97.3870862266667 17.0420824266667
-95.6357726333333 17.2155664733333
-93.88445904 17.38905052
-92.85808904 17.88152685
-91.68241624 18.76480787
-90.50674344 19.64808889
-90.29093012 19.76079913
-90.05038457 19.79843989
-88.92037216 19.7896093
-88.72269172 19.76148466
-88.53943775 19.68219697
-88.38359883 19.55736595
-87.17425578 18.28985967
-85.30019261 17.289907565
-83.42612944 16.28995546
-81.865119285 16.147035875
-80.30410913 16.00411629
-79.63409382 16.05881219
-77.77537391 16.43726884
-76.33976674 17.69895731
-74.90415957 18.96064578
-73.4685524 20.22233425
-72.03294523 21.48402272
-71.9298189 21.70849202
-71.4658645 23.41996026
-71.0019101 25.1314285
-70.88668311 26.89747048
-70.89075331 27.05086021
-70.89317126 27.13018568
-70.86780656 27.34773625
-70.78067258 27.54868223
-70.63920034 27.71588637
-70.29299776 28.02077386
-69.59385654 28.70816231
-69.15305374 29.21611219
-67.984961935 31.06524817
-66.81687013 32.91438415
-66.67162921 33.0826362
-65.0932532633333 34.4391359233333
-63.5148773166667 35.7956356466667
-61.93650137 37.15213537
-61.8918632 37.18763904
-61.67493185 37.34709829
-60.96650853 37.91488888
-59.6830628 39.32301664
-59.364822205 41.497295895
-59.04658161 43.67157515
-58.728341015 45.845854405
-58.41010042 48.02013366
-58.57549843 48.44812122
-58.86869821 49.09235032
-59.6263178 50.748405815
-60.38393739 52.40446131
-61.324136565 53.37901342
-62.26433574 54.35356553
-63.45876987 55.17113372
-63.58061725 55.24163441
-64.74339771 55.81101799
-67.13142431 56.44162971
-67.82840624 56.50603988
-69.81388125 56.58444595
-71.337475795 56.21847709
-72.86107034 55.85250823
-74.84365073 54.69347579
-75.3402327 54.28594555
-75.50671846 54.18245644
-75.69433466 54.12564389
-76.99856253 53.9111865
-77.87733051 53.65984397
-78.0770125 53.63095795
-78.27716928 53.65634625
-78.46331579 53.73417156
-80.54413111 54.95591873
-81.09905347 55.23113452
-81.22834091 55.28952991
-81.52159516 55.41575571
-81.55370659 55.42893503
-81.5570076 55.43029904
-81.68082694 55.48180789
-81.86724051 55.55861132
-81.92963138 55.58431531
-81.9320076 55.58529904
-82.0570076 55.63729904
-82.1820076 55.68929904
-82.30582694 55.74080789
-82.49206503 55.81753902
-82.56216601 55.84637796
-82.76919622 55.93057689
-82.87219021 55.97177448
-82.87503058 55.97291736
-82.90493458 55.9850208
-82.90611452 55.98549954
-83.05385149 56.04558719
-83.1867585 56.0990018
-83.29119021 56.14077448
-83.29403058 56.14191736
-83.32172469 56.15312636
-83.61575634 56.26996372
-83.77571856 56.33266203
-83.77737427 56.33331326
-83.94808517 56.40069221
-84.15155324 56.48098925
-84.36414607 56.56433256
-84.52571856 56.62766203
-84.52672249 56.62805636
-84.71537427 56.70231326
-84.85776944 56.7585161
-86.4984422 57.25660608
-88.69930451 57.44707648
-89.8512328 57.34142829
-89.98490129 57.34113055
-90.17295298 57.35753311
-90.28834949 57.376757
-90.6042761 57.45512324
-90.61357311 57.45749261
-90.66557004 57.47109893
-90.77981784 57.51109165
-91.47016518 57.81731924
-93.39236802 58.36492278
-94.35954037 58.48178149
-96.07532148 58.314299395
-97.79110259 58.1468173
-97.85794457 58.14329371
-97.91897873 58.14280369
-97.92501893 58.14277952
-98.1445 58.14278506
-98.364 58.14277952
-99.02401893 58.14277952
-99.2435 58.14278506
-99.463 58.14277952
-100.12301893 58.14277952
-100.3425 58.14278506
-100.562 58.14277952
-101.222 58.14277952
-101.22556056 58.14278797
-101.34830303 58.14337069
-101.4550455 58.14295019
-101.45741286 58.1429446
-101.66148107 58.14278506
-101.881 58.14277952
-102.54101893 58.14277952
-102.7605 58.14278506
-102.98 58.14277952
-103.64001893 58.14277952
-103.85951893 58.14278506
-103.86215151 58.14278975
-104.00923865 58.14330975
-104.11716478 58.14314078
-104.29750378 58.14278101
-104.299 58.14277952
-104.95901893 58.14277952
-105.1785 58.14278506
-105.398 58.14277952
-106.05801893 58.14277952
-106.2775 58.14278506
-106.497 58.14277952
-107.15701893 58.14277952
-107.3765 58.14278506
-107.596 58.14277952
-108.25601893 58.14277952
-108.4755 58.14278506
-108.695 58.14277952
-109.57501893 58.14277952
-109.79451893 58.14278506
-109.79684849 58.14278874
-109.95239017 58.14327579
-110.06031629 58.14319403
-110.23220074 58.14278168
-110.234 58.14277952
-110.67401893 58.14277952
-110.8935 58.14278506
-111.113 58.14277952
-111.77301893 58.14277952
-111.9925 58.14278506
-112.212 58.14277952
-112.87201893 58.14277952
-113.0915 58.14278506
-113.311 58.14277952
-113.75132199 58.14277959
-113.96282199 58.14287039
-113.96602264 58.14287859
-114.07234846 58.143378
-114.18667429 58.14279482
-114.19048107 58.14278506
-114.41 58.14277952
-115.29001893 58.14277952
-115.5095 58.14278506
-115.72920832 58.14277955
-115.94370832 58.14283913
-115.94724995 58.14284847
-116.05339585 58.1433792
-116.16504174 58.14278997
-116.169 58.14277952
-116.38901893 58.14277952
-116.6085 58.14278506
-116.82798107 58.14277952
-116.83027272 58.14278296
-116.98894696 58.1432638
-117.09686363 58.14320929
-117.26610608 58.14278191
-117.268 58.14277952
-117.48801893 58.14277952
-117.7075 58.14278506
-117.927 58.14277952
-118.58701893 58.14277952
-118.8065 58.14278506
-119.026 58.14277952
-119.90601893 58.14277952
-120.1255 58.14278506
-120.345 58.14277952
-121.00501893 58.14277952
-121.2245 58.14278506
-121.444 58.14277952
-122.10401893 58.14277952
-122.3235 58.14278506
-122.54298107 58.14277952
-122.54527272 58.14278296
-122.62949704 58.14303819
