-76.85428368 -29.62530939
-76.90915375 -30.05789282
-76.93121886 -30.89556493
-76.88101815 -31.5265271
-76.86734829 -31.68246907
-76.8586805 -31.76436852
-76.86699298 -31.97954281
-76.93109774 -32.32656978
-76.95476664 -32.42036011
-77.04510764 -32.70071634
-77.08937414 -32.80855308
-77.50513409 -33.63251023
-77.549507 -33.70889953
-78.31169615 -34.8592309
-78.73910987 -36.03441711
-78.81575681 -36.38385112
-78.90405554 -37.32053956
-78.81166192 -38.68466035
-78.82165715 -38.86735546
-78.88600316 -39.22721486
-79.01621373 -40.347614285
-79.1464243 -41.46801371
-79.05696508 -42.12043419
-79.0551915 -42.12935762
-79.04693099 -42.37124559
-79.11613632 -42.60316939
-79.25560052 -42.80097677
-79.50374418 -43.05374372
-79.9522426233333 -43.95552669
-80.4007410666667 -44.85730966
-80.84923951 -45.75909263
-80.93139983 -46.52779622
-80.91337701 -47.18034635
-80.43872778 -48.522710975
-79.96407855 -49.8650756
-79.93792376 -49.95749266
-79.67160032 -51.19653856
-79.40527688 -52.43558446
-79.04183244 -53.09708155
-79.02006673 -53.13988983
-78.92337077 -53.34616171
-78.4298022066667 -54.3534337333333
-77.9362336433333 -55.3607057566667
-77.44266508 -56.36797778
-77.1773761 -56.66278639
-76.50774863 -57.28386265
-75.63264106 -57.8651524
-75.29040936 -58.03354851
-74.54505189 -58.36484169
-74.00556471 -58.55766578
-73.99959541 -58.55982787
-73.82961055 -58.62221176
-73.29974629 -58.782517
-72.40934094 -58.99466386
-71.96341248 -59.06625507
-71.09114211 -59.03251244
-70.21887174 -58.99876981
-69.49642927 -58.80343572
-68.30476769 -58.26227807
-67.39125739 -57.57775788
-67.14160003 -57.45513292
-67.02164909 -57.42192901
-66.030653395 -56.887648775
-65.0396577 -56.35336854
-64.365545185 -55.503371635
-63.69143267 -54.65337473
-63.411413 -53.698501115
-63.13139333 -52.7436275
-63.04393267 -52.55121563
-62.90626249 -52.39084539
-62.10900904 -51.69154246
-61.5822044066667 -50.44445253
-61.0553997733333 -49.1973626
-60.52859514 -47.95027267
-60.48511387 -47.25409049
-60.41542809 -46.98200816
-60.2505397 -46.75463903
-59.99277605 -46.51208799
-59.37250731 -45.604485165
-58.75223857 -44.69688234
-58.66288493 -44.58925613
-58.64561703 -44.57201903
-58.12956987 -43.98494984
-57.96218444 -43.84312907
-57.7609214 -43.75581241
-57.65909693 -43.72844645
-57.42247883 -43.65995981
-57.40733666 -43.6557485
-57.04968876 -43.56030609
-56.47095452 -43.37705443
-55.98975923 -43.18649164
-55.90906224 -43.14982817
-55.71603671 -43.05983747
-55.41799521 -42.91391045
-55.09395906 -42.74211782
-54.11888762 -42.04873838
-53.575571525 -41.398612365
-53.03225543 -40.74848635
-52.73910677 -40.35887264
-52.02164717 -39.26763477
-51.742319745 -38.288825135
-51.46299232 -37.3100155
-51.44257321 -36.63703336
-51.44557041 -36.53258838
-51.49747456 -35.89226914
-51.83398665 -34.83235977
-52.17049874 -33.7724504
-52.17401898 -33.76494642
-52.42233146 -33.1518571
-52.47477524 -32.93036277
-52.45836072 -32.70333711
-52.37459977 -32.49169073
-52.23120736 -32.31491771
-52.13245846 -32.225302
-52.00100836 -32.12977985
-51.39053373 -31.78035277
-51.38454555 -31.7769616
-51.27400502 -31.71502934
-50.34176451 -30.82444636
-49.409524 -29.93386338
-49.04174657 -29.25814055
-48.78653013 -28.64169163
-48.49432936 -27.18231811
-48.48673704 -27.02278169
-48.48225081 -25.61683503
-48.706548185 -24.807418895
-48.93084556 -23.99800276
-48.95700342 -23.92752606
-49.10947768 -23.55166237
-49.85886148 -22.56790959
-50.60824528 -21.58415681
-51.0853483 -21.23613668
-52.092441045 -20.80934457
-53.09953379 -20.38255246
-54.068839375 -20.366962465
-55.03814496 -20.35137247
-55.1971556 -20.38104529
-55.23940222 -20.38768858
-55.28931891 -20.39408556
-55.48365837 -20.39360615
-55.67135037 -20.34321001
-56.0711712 -20.17781256
-56.58126521 -19.97833468
-56.6987861 -19.92005943
-56.78844856 -19.86534542
-56.78989144 -19.86446271
-56.82217563 -19.84466212
-57.12437627 -19.66301071
-58.24240054 -19.09184149
-58.41603246 -18.96933211
-58.93111723 -18.48309213
-59.91508055 -17.94332933
-60.89904387 -17.40356653
-61.88300719 -16.86380373
-63.19747814 -16.77434986
-63.44615382 -16.77361802
-63.46769141 -16.7732453
-63.47937328 -16.77287527
-63.74354841 -16.71578436
-63.97033343 -16.5687591
-64.13027739 -16.35089262
-64.66155477 -15.25693528
-65.0990587 -14.67750435
-66.509098446 -14.348581694
-67.919138192 -14.019659038
-69.329177938 -13.690736382
-70.739217684 -13.361813726
-72.14925743 -13.03289107
-72.88118932 -13.552296615
-73.61312121 -14.07170216
-74.01379515 -14.54552517
-74.40095539 -15.6985627675
-74.78811563 -16.851600365
-75.17527587 -18.0046379625
-75.56243611 -19.15767556
-75.50704152 -19.66438286
-75.50303923 -19.68813269
-75.49872433 -19.71720248
-75.43473135 -20.21534619
-75.42877385 -20.32617787
-75.43256451 -20.51232341
-75.43664418 -21.03486654
-75.47307867 -21.26000232
-75.59744095 -21.64416339
-75.76850698 -22.4709432
-75.80050395 -22.73193039
-75.80310371 -23.522273005
-75.80570347 -24.31261562
-75.80589499 -24.32727548
-75.80947581 -24.4840414
-75.81664053 -24.57172997
-75.96630329 -25.63212218
-75.97655972 -25.68890727
-76.13023525 -26.38537382
-76.14335509 -26.43628235
-76.14736963 -26.44987006
-76.15859042 -26.48469804
-76.61683278 -27.79649141
-76.75258433 -29.06934633
-76.76115845 -29.12779932
-76.85428368 -29.62530939
